mean: 0.44462066888809204
sd: 1.1619596481323242
