mean: 0.26016804575920105
sd: 1.2117685079574585
