mean: 0.48541656136512756
sd: 1.1692485809326172
