mean: 0.48222944140434265
sd: 1.1695787906646729
