mean: 8.582743644714355
sd: 26.47298812866211
