mean: 0.18318159878253937
sd: 1.2221043109893799
