mean: 0.48541733622550964
sd: 1.168529987335205
