mean: 0.19799195230007172
sd: 1.2597278356552124
