mean: 9.309218406677246
sd: 27.423742294311523
