mean: 0.49243852496147156
sd: 1.1376310586929321
