mean: 9.491378784179688
sd: 3.3099710941314697
