mean: 0.47683513164520264
sd: 1.1677534580230713
