mean: 0.3179507553577423
sd: 1.2356239557266235
