mean: 0.48351287841796875
sd: 1.168491244316101
