mean: 0.47950324416160583
sd: 2.2569327354431152
